6125961.jpg 35 1 0 0 0 0 0 23 47 18 1 0 0 0 0 0 3 1 2 3 0 0 37 3 57 148 69 6 10 7 3 1 62 94 97 51 12 58 33 0 90 189 67 4 34 52 39 37 140 164 150 84 63 109 55 2 149 179 219 235 177 56 12 63
13444968.jpg 14 7 0 0 0 0 0 2 32 28 11 30 0 0 0 0 15 20 8 2 3 0 14 0 63 112 103 54 11 18 22 15 75 100 108 54 52 16 3 3 131 250 96 65 65 171 82 78 87 144 109 104 65 67 26 19 114 136 255 170 82 73 80 104
5515890.jpg 0 0 0 0 0 0 0 0 0 6 0 2 0 0 0 0 93 0 0 0 0 0 0 0 75 80 112 26 0 0 0 0 126 153 76 9 13 5 0 0 92 128 164 55 10 43 33 9 103 155 92 15 60 51 15 2 67 76 79 130 120 78 43 2
1495676.jpg 29 16 0 0 0 0 0 2 53 22 27 13 10 5 9 0 1 0 0 0 0 0 9 1 113 91 51 18 20 24 6 0 27 19 8 76 24 12 3 0 186 154 91 46 40 28 17 4 67 57 51 133 91 51 24 8 255 255 212 187 185 158 192 19
36282362.jpg 0 0 0 0 0 0 0 0 7 14 0 0 0 0 0 0 33 15 0 0 0 0 0 0 2 15 44 92 0 0 0 0 77 60 38 20 5 16 10 1 11 97 111 82 0 0 4 23 84 91 67 78 29 47 33 33 132 122 118 99 76 59 73 115
994471.jpg 4 4 0 0 0 0 0 0 236 148 229 255 2 2 0 0 0 0 0 0 0 0 0 0 255 251 187 150 0 10 13 0 0 0 0 0 0 0 0 0 178 50 18 24 12 0 0 0 10 0 0 1 59 2 0 0 130 4 3 0 0 0 0 15
8437092.jpg 0 10 0 0 0 0 0 0 0 0 42 38 27 6 0 0 0 0 0 0 0 0 0 0 65 94 108 138 33 45 35 4 35 76 49 1 0 0 0 0 152 179 131 201 65 63 31 9 120 163 75 20 8 26 16 6 104 255 255 236 134 104 63 34
38100836.jpg 0 0 0 0 0 0 0 0 11 5 0 0 0 0 0 0 0 0 0 0 0 0 0 0 115 217 200 87 0 0 0 0 14 34 28 9 2 11 13 3 233 255 255 120 13 11 4 2 126 160 137 57 116 176 168 65 203 255 255 255 255 211 142 44
7573310.jpg 33 6 0 0 64 0 0 0 28 61 3 10 0 0 0 0 93 71 10 17 0 0 0 7 26 33 42 41 0 0 0 0 163 255 254 75 41 103 111 31 52 23 16 23 11 2 1 2 146 150 62 40 89 89 64 34 74 151 78 8 4 7 26 1
3956140.jpg 0 1 0 0 0 0 0 0 12 2 14 0 0 0 0 0 2 1 0 0 0 0 1 0 151 189 71 2 4 6 14 11 10 55 94 125 10 9 0 0 178 188 46 4 51 38 14 9 38 65 17 78 50 40 3 0 68 158 129 64 19 2 1 59
14376182.jpg 0 0 0 0 0 0 0 0 0 1 0 0 0 0 0 0 9 56 0 0 0 0 0 0 10 23 54 55 62 86 76 45 108 211 195 113 0 7 3 0 28 37 111 118 114 162 232 192 95 211 230 143 4 11 8 7 39 6 15 35 46 81 72 53
15475053.jpg 0 0 0 5 4 0 0 4 12 27 0 0 0 0 41 3 18 3 0 0 0 0 27 11 36 169 131 8 13 58 35 18 30 48 32 28 28 50 18 3 55 183 118 30 93 147 92 107 114 155 99 104 47 71 33 7 50 175 255 240 135 84 58 159
