6125961.jpg 105 75 172 177 182 184 194 198 157 162 178 188 180 177 148 149 136 171 136 169 134 123 122 152 123 156 127 114 82 104 77 136 172 174 175 180 195 199 147 153 171 187 169 172 136 143 119 159 121 165 122 103 119 137 116 157 111 97 64 99 55 129
13444968.jpg 70 117 215 174 145 165 155 182 200 191 200 198 190 169 175 191 166 200 161 164 135 148 154 167 149 128 110 110 115 116 110 96 216 171 142 166 154 179 189 184 197 192 180 160 160 189 148 182 141 158 122 125 151 148 141 125 96 91 94 102 86 84
5515890.jpg 106 130 226 207 175 196 208 230 198 178 169 180 176 171 172 165 130 163 126 141 143 138 114 141 118 101 128 104 89 114 90 81 225 203 169 192 211 232 188 172 164 177 166 159 160 158 114 151 109 133 134 116 110 127 113 96 118 83 71 110 68 69
1495676.jpg 209 14 163 204 208 167 207 208 152 171 172 140 172 169 121 139 120 126 116 129 90 86 82 99 81 76 74 36 27 65 27 27 162 207 210 162 210 209 139 169 172 133 166 164 107 135 107 113 104 126 81 72 80 85 78 74 64 26 19 57 17 22
36282362.jpg 210 85 215 224 215 164 205 221 192 174 173 144 168 170 162 139 122 140 119 135 133 89 88 105 95 86 130 43 30 71 35 38 215 229 217 161 208 223 182 172 170 137 161 166 153 133 109 126 105 131 131 72 84 88 88 81 136 31 21 61 22 29
994471.jpg 131 206 230 233 208 200 210 224 215 207 209 202 212 203 213 207 178 206 168 188 180 178 168 192 167 157 164 151 134 160 139 129 235 236 203 200 208 219 203 198 209 199 202 193 200 197 160 192 150 179 170 150 162 170 159 151 161 129 106 146 103 109
8437092.jpg 74 82 182 149 136 143 172 194 211 167 150 149 156 182 193 163 136 157 153 177 151 139 125 140 149 163 137 109 87 94 107 132 182 144 130 142 175 190 200 163 146 145 147 174 179 156 121 145 141 174 136 116 123 124 143 166 119 88 69 80 82 118
38100836.jpg 81 109 189 189 191 198 181 185 190 184 189 184 186 215 176 188 163 165 153 201 147 159 141 140 146 168 117 108 88 98 87 114 190 187 190 203 179 182 178 182 187 183 174 215 161 182 146 152 135 197 132 136 136 123 141 168 101 87 69 90 64 103
7573310.jpg 157 84 213 203 191 162 196 215 205 165 164 138 161 173 178 147 123 130 122 152 140 107 92 111 101 121 119 62 40 74 46 71 213 206 194 156 200 218 198 158 168 134 153 165 168 140 110 117 109 145 130 88 90 96 93 119 114 47 29 64 33 61
3956140.jpg 203 20 168 205 205 167 206 211 153 169 171 144 169 167 126 136 118 129 113 126 96 83 80 101 79 70 82 33 24 68 24 24 163 209 207 160 210 214 141 167 172 137 163 164 112 132 105 114 102 123 87 69 77 87 76 69 79 23 16 62 15 19
14376182.jpg 185 55 179 208 207 172 207 211 168 166 171 145 186 183 149 158 132 141 139 180 132 146 135 133 149 166 130 140 125 111 138 153 176 211 209 167 210 213 157 162 172 139 176 177 134 156 116 129 122 177 118 126 132 114 142 165 111 118 101 97 106 136
15475053.jpg 235 8 169 216 215 168 213 218 147 176 177 144 175 173 121 142 124 129 119 132 92 89 85 101 86 77 76 41 32 67 33 32 165 219 218 164 217 221 134 174 177 138 169 169 109 138 110 116 107 129 83 75 83 87 82 75 67 30 23 60 22 27
